score
0.7332
0.7318
0.7296
0.7278
0.7264
0.7263
0.7261
0.7253
0.7253
0.7239
0.7212
0.7198
0.7176
0.7169
0.7168
0.7167
0.7164
0.7163
0.7162
0.7153
0.7145
0.7133
0.7132
0.7131
0.7117
0.7109
0.7096
0.7090
0.7086
0.7077
0.7072
0.7071
0.7069
0.7064
0.7060
0.7054
0.7053
0.7047
0.7047
0.7041
0.7024
0.7021
0.7010
0.7009
0.6988
0.6987
0.6964
0.6959
0.6955
0.6952
0.6945
0.6937
0.6909
0.6893
0.6885
0.6885
0.6865
0.6863
0.6810
0.6810
0.6803
0.6789
0.6701
0.6662
0.6656
0.6638
0.6633
0.6617
0.6609
0.6595
0.6576
0.6571
0.6526
0.6498
0.6473
0.6460
0.6406
0.6322
0.6149
0.6147
0.6095
0.6052
0.6005
0.5943
0.5939
0.5873
0.5683
0.5447
0.5362
0.5335
0.5322
0.5187
0.5113
0.4989
0.4892
0.4764
0.4278
0.4012
0.4004
0.3935
0.3744
0.3738
0.3347
0.2012
0.1928
0.1510
0.1429
0.1285
0.1234
0.1233
0.1041
0.0694
0.0489
0.0373
0.0205
0.0135
0.0118
0.0116
0.0113
0.0112
0.0112
0.0112
0.0112
0.0112
0.0112
0.0112
0.0033
0.0003
